1 1 -0.0007 -0.0004 100.0 518.67 641.82 1589.70 1400.60 14.62 21.61 554.36 2388.06 9046.19 1.30 47.47 521.66 2388.02 8138.62 8.4195 0.03 392 2388 100.00 39.06 23.4190  
1 2 0.0019 -0.0003 100.0 518.67 642.15 1591.82 1403.14 14.62 21.61 553.75 2388.04 9044.07 1.30 47.49 522.28 2388.07 8131.49 8.4318 0.03 392 2388 100.00 39.00 23.4236  
1 3 -0.0043 0.0003 100.0 518.67 642.35 1587.99 1404.20 14.62 21.61 554.26 2388.08 9052.94 1.30 47.27 522.42 2388.03 8133.23 8.4178 0.03 390 2388 100.00 38.95 23.3442  
1 4 0.0007 0.0000 100.0 518.67 642.35 1582.79 1401.87 14.62 21.61 554.45 2388.11 9049.48 1.30 47.13 522.86 2388.08 8133.83 8.3682 0.03 392 2388 100.00 38.88 23.3739  
1 5 -0.0019 -0.0002 100.0 518.67 642.37 1582.85 1406.22 14.62 21.61 554.00 2388.06 9055.15 1.30 47.28 522.19 2388.04 8133.80 8.4294 0.03 393 2388 100.00 38.90 23.4044  
1 6 -0.0043 -0.0001 100.0 518.67 642.10 1584.47 1398.37 14.62 21.61 554.67 2388.02 9049.68 1.30 47.16 521.68 2388.03 8132.85 8.4108 0.03 391 2388 100.00 38.98 23.3669  
1 7 0.0010 0.0001 100.0 518.67 642.48 1592.32 1397.77 14.62 21.61 554.34 2388.02 9059.13 1.30 47.36 522.32 2388.03 8132.32 8.3974 0.03 392 2388 100.00 39.10 23.3774  
1 8 -0.0034 0.0003 100.0 518.67 642.56 1582.96 1400.97 14.62 21.61 553.85 2388.00 9040.80 1.30 47.24 522.47 2388.03 8131.07 8.4076 0.03 391 2388 100.00 38.97 23.3106  
1 9 0.0008 0.0001 100.0 518.67 642.12 1590.98 1394.80 14.62 21.61 553.69 2388.05 9046.46 1.30 47.29 521.79 2388.05 8125.69 8.3728 0.03 392 2388 100.00 39.05 23.4066  
1 10 -0.0033 0.0001 100.0 518.67 641.71 1591.24 1400.46 14.62 21.61 553.59 2388.05 9051.70 1.30 47.03 521.79 2388.06 8129.38 8.4286 0.03 393 2388 100.00 38.95 23.4694  
1 11 0.0018 -0.0003 100.0 518.67 642.28 1581.75 1400.64 14.62 21.61 554.54 2388.05 9049.61 1.30 47.15 521.40 2388.01 8140.58 8.4340 0.03 392 2388 100.00 38.94 23.4787  
2 1 -0.0018 0.0006 100.0 518.67 641.89 1583.84 1391.28 14.62 21.60 554.53 2388.01 9054.72 1.30 46.93 522.33 2388.06 8137.72 8.3905 0.03 391 2388 100.00 38.94 23.4585  
2 2 0.0043 -0.0003 100.0 518.67 641.82 1587.05 1393.13 14.62 21.61 554.77 2387.98 9051.31 1.30 47.24 522.70 2387.98 8131.09 8.4167 0.03 392 2388 100.00 39.06 23.4085  
2 3 0.0018 0.0003 100.0 518.67 641.55 1588.32 1398.96 14.62 21.60 555.14 2388.04 9054.24 1.30 47.22 522.58 2387.99 8140.58 8.3802 0.03 391 2388 100.00 39.11 23.4250  
2 4 0.0035 -0.0004 100.0 518.67 641.68 1584.15 1396.08 14.62 21.61 554.25 2387.98 9058.01 1.30 47.10 522.49 2387.93 8140.44 8.4018 0.03 391 2388 100.00 39.13 23.5027  
2 5 0.0005 0.0004 100.0 518.67 641.73 1579.03 1402.52 14.62 21.60 555.12 2388.03 9058.15 1.30 47.25 522.27 2387.94 8136.67 8.3867 0.03 390 2388 100.00 39.18 23.4234  